001 002 006 007 008 009 011 013 014 016
018 023 024 025 027 028 035 036 037 038
045 048 056 058 077 078 088 089 112 115
116 117 122 124 125 126 127 129 135 144
147 148 157 158 169 177 189 224 229 239
244 246 247 248 255 258 259 268 278 288
299 334 335 338 339 344 345 349 356 357
358 359 378 399 445 446 447 455 457 459
466 467 499 558 566 567 568 578 666 668
679 689 777 778 779 788 789 799 899 999
000  001  003  005  006  007  008  009  010  011  
012  013  014  016  017  018  020  021  022  023  
024  026  027  028  029  030  031  032  033  034  
035  036  037  038  039  041  042  043  044  045  
046  047  048  049  050  051  052  053  054  055  
056  057  058  059  060  061  062  063  064  065  
066  067  068  069  070  071  072  073  075  076  
078  079  080  081  082  084  085  086  087  088  
089  090  091  092  093  094  095  096  097  098  
099  100  101  102  103  104  105  106  107  108  
109  110  111  113  114  115  116  117  118  119  
120  121  122  123  124  125  126  127  128  130  
131  132  133  134  135  136  139  141  142  143  
144  145  148  149  150  151  152  153  154  155  
156  157  159  160  161  162  163  164  165  167  
168  169  170  171  173  174  175  176  178  179  
180  181  182  183  184  185  186  187  188  189  
190  191  192  193  194  196  197  198  199  200  
201  203  204  205  206  207  208  210  211  212  
216  217  218  219  220  221  222  223  224  225  
226  227  228  230  231  232  233  234  235  236  
