001 005 010 012 013 014 015 017 018 019
021 022 023 024 025 026 027 028 031 032
034 035 039 041 045 046 048 050 051 055
056 057 058 059 062 064 065 068 069 071
072 075 081 082 084 085 086 091 093 095
096 099 100 101 105 106 107 108 109 110
115 116 118 130 131 135 136 137 138 139
140 148 149 150 159 160 161 165 166 167
168 169 170 175 176 178 180 181 186 187
188 189 190 195 196 198 199 201 202 203
204 205 206 207 208 210 212 213 214 217
218 219 221 222 223 224 226 227 230 231
235 236 237 238 239 260 262 263 264 265
267 268 269 270 271 272 273 274 275 276
277 278 279 280 281 282 283 284 286 287
288 289 291 292 293 294 295 296 297 298
299 301 302 304 305 309 310 311 312 313
314 315 316 317 318 319 320 321 325 326
327 328 329 331 332 334 335 336 339 340
341 345 346 347 348 349 350 351 355 356
357 358 359 361 362 363 364 365 366 367
368 369 371 372 374 375 376 379 381 382
384 385 386 389 390 391 392 393 394 395
396 397 398 399 401 402 403 404 405 406
408 410 412 413 414 415 417 418 419 420
421 422 423 424 425 426 427 428 429 430
431 432 433 434 435 436 437 438 439 440
441 445 446 447 448 449 450 451 456 458
460 462 463 464 465 467 468 469 471 472
473 474 476 478 480 481 482 483 484 485
486 487 488 489 491 492 493 494 496 498
499 500 501 502 503 504 505 506 507 508
509 510 513 514 515 517 519 520 523 524
526 527 529 530 531 532 533 534 535 536
537 538 539 540 541 546 548 550 551 556
560 562 563 564 565 567 568 569 570 571
572 573 576 580 583 584 586 590 591 592
593 596 599 602 604 605 608 609 610 618
619 620 622 623 624 625 627 628 629 631
632 633 634 635 636 637 638 639 640 641
645 646 647 648 649 650 651 655 656 657
658 659 669 672 673 674 675 679 680 682
683 684 685 689 690 692 693 694 695 697
698 699 701 702 705 710 712 713 714 715
718 720 721 722 723 724 725 726 727 728
729 731 732 734 735 736 739 741 746 748
750 751 756 762 763 764 765 769 772 781
782 784 792 793 796 799 801 802 804 805
806 810 811 812 813 814 816 817 818 819
820 821 826 827 828 829 831 832 834 835
836 839 840 841 845 846 847 848 849 850
856 860 861 862 863 864 865 869 871 872
874 881 882 884 891 892 893 894 896 899
903 905 909 910 912 913 914 918 919 921
922 923 924 925 926 927 930 931 935 936
937 938 939 941 946 951 956 960 962 963
964 968 969 972 973 979 982 983 984 989
990 992 993 994 995 997 998 999
