010  012  014  016  018  030  032  034  036  038  
050  052  054  056  058  070  072  074  076  078  
090  092  094  096  098  110  114  116  118  119  
120  124  126  128  129  130  134  136  138  139  
150  154  156  158  159  170  174  176  178  179  
210  212  214  216  218  219  220  224  226  228  
229  230  232  234  236  238  239  250  252  254  
256  258  259  270  272  274  276  278  279  290  
292  294  296  298  310  314  316  318  319  320  
324  326  328  329  330  334  336  338  339  350  
354  356  358  359  370  374  376  378  379  410  
412  414  416  418  430  432  434  436  438  450  
452  454  456  458  470  472  474  476  478  490  
492  494  496  498  510  514  516  518  519  520  
524  526  528  529  530  534  536  538  539  550  
554  556  558  559  570  574  576  578  579  610  
612  614  616  618  630  632  634  636  638  650  
652  654  656  658  670  672  674  676  678  690  
692  694  696  698  710  714  716  718  719  720  
724  726  728  729  730  734  736  738  739  750  
754  756  758  759  770  774  776  778  779  810  
812  814  816  818  830  832  834  836  838  850  
852  854  856  858  870  872  874  876  878  890  
892  894  896  898  