101 102 103 105 107 109 110 114 116 118
119 120 121 123 124 125 126 127 128 129
130 134 136 138 139 141 142 143 145 147
149 150 154 156 158 159 161 162 163 165
167 169 170 174 176 178 179 181 182 183
185 187 189 191 192 193 195 197 201 202
203 205 207 210 214 216 218 219 220 224
226 228 229 230 234 236 238 239 241 242
243 245 247 250 254 256 258 259 261 262
263 265 267 270 274 276 278 279 281 282
283 285 287 291 292 293 295 297 301 302
303 305 307 309 310 314 316 318 319 320
321 323 324 325 326 327 328 329 330 334
336 338 339 341 342 343 345 347 349 350
354 356 358 359 361 362 363 365 367 369
370 374 376 378 379 381 382 383 385 387
389 391 392 393 395 397 501 502 503 505
507 509 510 514 516 518 519 520 521 523
524 525 526 527 528 529 530 534 536 538
539 541 542 543 545 547 549 550 554 556
558 559 561 562 563 565 567 569 570 574
576 578 579 581 582 583 585 587 589 591
592 593 595 597 701 702 703 705 707 709
710 714 716 718 719 720 721 723 724 725
726 727 728 729 730 734 736 738 739 741
742 743 745 747 749 750 754 756 758 759
761 762 763 765 767 769 770 774 776 778
779 781 782 783 785 787 789 791 792 793
795 797 901 903 905 907 909 921 923 925
927 929 941 943 945 947 949 961 963 965
967 969 981 983 985 987 989
