001 007 010 011 013 015 016 017 018 019
025 026 027 031 034 035 036 037 038 039
040 041 043 045 046 047 048 049 053 055
056 057 059 063 065 067 069 070 073 075
076 077 079 081 083 084 085 087 089 091
093 095 096 097 098 100 101 103 105 106
107 108 109 110 113 115 120 123 125 126
127 129 130 131 132 133 134 135 136 137
138 139 140 143 145 146 149 150 153 156
157 159 160 163 165 166 169 170 173 175
180 182 183 185 190 193 195 196 204 205
206 207 212 213 214 215 216 217 231 234
235 236 238 242 243 245 246 247 281 283
284 285 293 294 295 296 304 305 306 307
309 310 312 313 314 315 316 317 319 324
326 329 336 340 342 345 346 349 350 352
354 356 357 359 360 362 363 364 366 367
369 370 376 377 379 382 383 384 385 386
387 390 392 394 395 396 397 400 401 402
403 404 405 406 407 408 409 410 412 413
415 416 419 420 422 423 425 426 427 429
430 431 432 435 436 438 439 440 445 449
450 452 453 454 455 456 457 459 460 462
463 465 466 467 469 470 472 475 476 477
479 480 482 483 485 486 489 490 491 492
493 494 495 496 497 498 499 501 502 503
504 505 506 507 508 509 510 511 512 513
514 516 517 518 519 520 522 523 524 525
526 527 529 530 531 532 534 536 537 538
539 540 541 542 543 544 545 546 547 548
549 550 552 554 556 557 559 560 562 563
564 565 566 567 569 570 572 573 574 575
576 577 579 580 581 582 583 584 585 586
587 589 590 591 592 593 594 595 596 597
598 599 602 603 604 605 607 609 610 612
613 614 615 616 619 620 623 624 626 629
632 633 634 635 636 637 640 642 643 645
646 647 649 650 652 653 654 656 657 659
662 663 664 666 667 669 670 673 674 676
677 679 683 684 685 686 690 692 693 694
695 696 697 699 700 702 703 704 705 706
707 709 710 712 713 715 720 724 727 735
736 737 740 742 745 746 747 749 750 752
753 754 756 757 759 760 763 764 766 767
769 770 772 773 774 776 777 779 783 785
787 790 793 794 795 796 797 801 803 804
805 807 809 810 812 813 815 823 824 825
830 831 832 833 834 835 836 837 838 839
840 842 843 845 846 849 852 853 854 855
856 857 863 864 865 866 873 875 877 883
890 893 894 895 896 901 903 904 905 906
907 908 910 912 913 914 915 916 923 924
925 926 930 931 932 934 935 936 937 938
940 941 942 943 944 945 946 947 948 949
950 952 953 954 955 956 957 959 960 962
963 964 965 966 967 969 970 973 974 975
976 977 980 983 984 985 986 994 995 996
