３２０ １３０ ９６６ ９６0 000 010 020 030 040 050
060 070 080 090 100 110 120 130 140 150
160 170 180 190 200 210 220 230 240 250
260 270 280 290 700 710 720 730 740 750
760 770 780 790 800 810 820 830 840 850
860 870 880 890 900 910 920 930 940 950
960 970 980 991 001 011 021 031 041 051
061 071 081 091 101 111 121 131 141 151
161 171 181 191 201 211 221 231 241 251
261 271 281 291 701 711 721 731 741 751
761 771 781 791 801 811 821 831 841 851
861 871 881 891 901 911 921 931 941 951
961 971 981 992 002 012 022 032 042 052
062 072 082 092 102 112 122 132 142 152
162 172 182 192 202 212 222 232 242 252
262 272 282 292 702 712 722 732 742 752
762 772 782 792 802 812 822 832 842 852
862 872 882 892 902 912 922 932 942 952
962 972 982 993 003 013 023 033 043 053
063 073 083 093 103 113 123 133 143 153
163 173 183 193 203 213 223 233 243 253
263 273 283 293 303 313 323 373 383 393
403 413 423 473 483 493 503 513 523 573
583 593 603 613 623 673 683 693 703 713
723 733 743 753 763 773 783 793 803 813
823 833 843 853 863 873 883 893 903 913
923 933 943 953 963 973 983 994 004 014
024 034 044 054 064 074 084 094 104 114
124 134 144 154 164 174 184 194 204 214
224 234 244 254 264 274 284 294 304 314
324 374 384 394 404 414 424 474 484 494
504 514 524 574 584 594 604 614 624 674
684 694 704 714 724 734 744 754 764 774
784 794 804 814 824 834 844 854 864 874
884 894 904 914 924 934 944 954 964 974
984 995 005 015 025 035 045 055 065 075
085 095 105 115 125 135 145 155 165 175
185 195 205 215 225 235 245 255 265 275
285 295 305 315 325 375 385 395 405 415
425 475 485 495 505 515 525 575 585 595
605 615 625 675 685 695 705 715 725 735
745 755 765 775 785 795 805 815 825 835
845 855 865 875 885 895 905 915 925 935
945 955 965 975 985 996 006 016 026 036
046 056 066 076 086 096 106 116 126 136
146 156 166 176 186 196 206 216 226 236
246 256 266 276 286 296 306 316 326 376
386 396 406 416 426 476 486 496 506 516
526 576 586 596 606 616 626 676 686 696
706 716 726 736 746 756 766 776 786 796
806 816 826 836 846 856 866 876 886 896
906 916 926 936 946 956 966 976 986 997
007 017 027 037 047 057 067 077 087 097
107 117 127 137 147 157 167 177 187 197
207 217 227 237 247 257 267 277 287 297
707 717 727 737 747 757 767 777 787 797
807 817 827 837 847 857 867 877 887 897
907 917 927 937 947 957 967 977 987 998
008 018 028 038 048 058 068 078 088 098
108 118 128 138 148 158 168 178 188 198
208 218 228 238 248 258 268 278 288 298
708 718 728 738 748 758 768 778 788 798
808 818 828 838 848 858 868 878 888 898
908 918 928 938 948 958 968 978 988 999
009 019 029 039 049 059 069 079 089 099
109 119 129 139 149 159 169 179 189 199
209 219 229 239 249 259 269 279 289 299
709 719 729 739 749 759 769 779 789 799
809 819 829 839 849 859 869 879 889 899
909 919 929 939 949 959 969 979 989
