001 002 003 004 005 006 007 008 009 010
011 020 022 030 033 040 044 050 055 060
066 070 077 080 088 090 099 100 101 110
112 113 114 115 116 117 118 119 121 122
131 133 141 144 151 155 161 166 171 177
181 188 191 199 200 202 211 212 220 221
223 224 225 226 227 228 229 232 233 242
244 252 255 262 266 272 277 282 288 292
299 300 303 311 313 322 323 330 331 332
334 335 336 337 338 339 343 344 353 355
363 366 373 377 383 388 393 399 400 404
411 414 422 424 433 434 440 441 442 443
445 446 447 448 449 454 455 464 466 474
477 484 488 494 499 500 505 511 515 522
525 533 535 544 545 550 551 552 553 554
556 557 558 559 565 566 575 577 585 588
595 599 600 606 611 616 622 626 633 636
644 646 655 656 660 661 662 663 664 665
667 668 669 676 677 686 688 696 699 700
707 711 717 722 727 733 737 744 747 755
757 766 767 770 771 772 773 774 775 776
778 779 787 788 797 799 800 808 811 818
822 828 833 838 844 848 855 858 866 868
877 878 880 881 882 883 884 885 886 887
889 898 899 900 909 911 919 922 929 933
939 944 949 955 959 966 969 977 979 988
989 990 991 992 993 994 995 996 997 998
